0.222303 0.314777 0.092550
-0.117024 0.440419 -0.075415
-0.396552 0.160915 -0.308357
-0.247405 -0.167777 -0.549435
0.026427 -0.075665 -0.734728
-0.146510 0.188836 -0.800951
-0.584253 -0.069807 -0.704325
-0.460695 -0.810284 -0.417854
0.447299 -1.059516 -0.012798
1.137526 -0.330165 0.492016
0.805791 0.540129 0.989307
0.069827 0.507707 1.375900
0.107495 -0.052082 1.558457
0.783432 0.135247 1.474739
0.698151 1.201379 1.105870
-0.643864 1.659389 0.489119
-1.807568 0.541016 -0.285004
-1.357760 -0.985219 -1.086260
-0.016906 -1.154221 -1.771509
0.316532 -0.230242 -2.187411
-0.637334 -0.099303 -2.217746
-0.666716 -1.315834 -1.895708
0.937506 -2.029859 -1.171669
2.573277 -0.644212 -0.174860
2.084713 1.563625 0.933350
0.080796 2.065866 1.960744
-0.835109 0.735661 2.714752
0.000004 -0.000001 3.039187
0.615983 1.185314 2.852195
-0.994325 2.199097 2.148085
-3.046300 0.734016 1.021412
-2.625340 -2.100488 -0.352387
0.040750 -3.030792 -1.742687
1.710102 -1.306568 -2.902267
0.896530 0.231311 -3.589963
-0.464490 -0.951618 -3.641391
0.899495 -1.791680 -3.351186
3.408923 -0.686528 -2.032767
3.384847 2.343489 -0.471979
-0.072204 4.038090 1.239219
-2.576421 1.971382 2.824892
-1.796171 -0.468491 3.992285
-0.000005 -0.000004 4.515850
-0.775582 1.536444 4.281996
-3.281239 0.619209 3.290920
-3.345102 -2.954073 1.684989
0.283641 -4.866665 -0.278763
3.280674 -2.577898 -2.764066
3.505530 1.067633 -3.561949
0.697017 1.220500 -4.995051
0.441409 -0.695360 -5.210701
2.912297 -0.437301 -4.517778
3.862156 3.114283 -2.413743
-0.431599 5.339448 -1.611123
-4.533198 3.099450 1.407494
-4.311008 -1.363279 3.575085
-0.951208 -2.584665 5.199972
-0.000001 -0.000008 6.006743
-1.954002 0.277474 5.754914
-2.995751 -2.922761 4.527744
0.611538 -5.730080 2.477668
5.500920 -3.218181 0.576862
5.602216 1.931369 -2.672764
1.483879 4.133710 -4.894914
-0.796774 1.921506 -6.324735
0.606026 -0.473247 -6.712391
2.439479 2.462805 -5.932018
-1.610709 5.383275 -4.100074
-5.866522 3.591122 -1.497972
-6.413588 -1.757375 2.576160
-2.139609 -5.758813 3.847273
2.131961 -3.133973 6.329857
1.862887 -3.718769 6.216152
-1.434009 -1.557508 7.261069
0.587226 -5.492328 5.307498
5.553024 -2.959526 4.581930
7.320632 2.931082 0.290532
2.138290 7.090762 -2.938196
-4.057189 3.888685 -5.729974
-2.821936 0.180191 -7.613587
-0.022998 0.670619 -8.205654
-0.624302 3.777694 -7.403747
-5.581536 2.362472 -5.838718
-7.545608 -3.234783 -2.212761
-2.200071 -8.230216 1.324088
4.414984 -5.911909 4.715091
-0.557066 -4.901630 7.372940
0.722075 0.854965 8.887909
0.161874 -0.635183 9.028227
5.002359 -2.518489 7.250924
7.931894 1.738528 4.491065
2.245882 9.047176 0.787977
-5.436781 7.049784 -3.064968
-6.946245 0.075017 -6.469221
-2.353002 -2.949871 -8.826746
0.042604 0.011726 -9.713471
-3.640191 1.776817 -8.922917
-6.625448 -3.237473 -6.581975
-2.003879 -9.303931 -3.056870
6.407959 -7.775912 1.067298
-8.585899 -2.358453 5.091069
3.493673 4.688218 8.540375
-1.300597 4.533205 9.309339
3.654564 -1.971538 9.682348
6.778817 2.709838 7.754993
1.161953 7.720478 7.366737
-6.953733 8.140910 1.424333
-10.425644 -0.409248 -3.051003
-4.917008 -6.788448 -7.080654
1.345688 -4.680046 -9.962703
0.029188 0.038718 -11.192899
-3.637269 -2.007856 -10.480673
-1.314104 -8.017280 -7.962933
7.251054 -7.973709 -4.028331
-4.552970 -10.155241 3.386001
6.793377 9.131548 2.849224
-2.139615 7.135105 9.165375
-4.200478 1.693947 11.007505
5.484701 6.230381 8.685739
0.205761 5.791304 10.638834
-6.919182 7.343809 6.836998
-12.221534 -0.242103 -0.831435
-7.805940 -9.460401 -1.500832
4.262648 -10.903369 -4.327208
5.723652 -2.053853 -11.016121
0.477993 1.486923 -12.573002
-0.445998 -4.126279 -12.066199
6.474190 -9.159765 -6.329768
9.959118 6.326775 -5.457902
6.090121 10.930945 -3.880696
-6.196747 10.546921 4.910830
-8.364945 2.840288 9.899132
-4.129746 -2.637227 12.447089
-7.500125 9.930268 5.205723
-4.870106 5.291841 11.515263
-10.809357 -1.495350 8.199495
-6.763993 -11.552587 3.102349
4.955684 -12.682382 -2.596654
7.321246 -3.816860 -11.259632
5.906598 4.696005 -11.877805
0.109289 6.471854 -12.585258
4.392192 -4.513790 -12.786895
5.644667 1.506297 -13.112093
6.340507 11.366556 -6.336970
-5.548609 13.444686 -0.555383
-13.259519 3.472000 5.122260
-8.367479 -6.051834 10.516891
-0.203775 -5.830892 13.667814
-8.365979 -4.477754 11.572569
-6.578107 0.410327 13.529610
-5.388944 -10.337992 9.652584
5.999819 -13.396329 4.139178
15.195769 1.540372 -1.838421
12.758148 3.719396 -7.919048
0.805771 3.399688 -15.134414
-3.037923 2.898827 -15.045443
2.602673 4.332125 -14.899907
2.547307 5.185863 -14.736079
-5.950625 12.631706 -7.660512
-15.530951 3.604815 -1.377934
-11.893616 -9.520727 5.221580
0.090712 -11.925782 11.011517
5.418812 -4.192047 14.847737
-0.000017 -0.000014 16.453380
-2.907309 -6.358064 14.979900
5.580883 -10.972039 11.194399
10.493391 -11.941638 5.303221
10.573055 13.117878 -0.460920
-0.895431 13.722208 -9.855055
-11.816670 7.748359 -9.414947
-4.105433 0.134311 -16.593946
1.907207 3.762782 -16.686284
-3.746336 14.337343 -8.955411
-15.615451 4.508274 -6.150379
-13.969095 -9.080898 -5.260182
2.295896 -17.267906 -2.464974
11.122796 -7.835490 11.377051
5.812875 5.379824 15.984708
0.183608 1.716304 17.843774
3.652175 -6.625537 16.357619
4.160174 -12.143258 12.814530
13.824166 11.857365 0.967316
-1.590911 18.241939 0.124174
-15.986633 9.039957 -0.357115
-11.225751 -3.583461 -14.213770
-2.960661 -4.364595 -17.810608
-0.860054 2.709487 -18.471657
-9.815425 1.295803 -15.939683
-11.151022 -10.875973 -10.626122
-2.867311 -18.005136 5.271406
14.225947 -8.478873 9.550793
14.571987 6.969432 10.432279
6.572356 14.136006 11.424364
-5.190164 6.416049 -17.547267
13.017746 -5.032059 13.643289
8.848187 10.780289 13.800091
-0.281521 12.830279 14.959421
-15.275100 12.535446 -0.078216
-17.009539 -6.363961 -7.984746
-4.097890 -12.820327 -14.725057
