0.003641 0.612316 -0.014813
-0.037054 0.706135 -0.056034
-0.087771 0.794104 -0.107613
-0.146562 0.874457 -0.169473
-0.213190 0.946626 -0.241003
-0.285685 1.009058 -0.321466
-0.363655 1.060404 -0.411038
-0.444869 1.099602 -0.508900
-0.527660 1.127281 -0.614833
-0.610666 1.141675 -0.728496
-0.692041 1.143275 -0.849347
-0.769470 1.131350 -0.975899
-0.841116 1.107083 -1.109124
-0.905888 1.069935 -1.247138
-0.961747 1.022132 -1.389446
-1.007180 0.963695 -1.534549
-1.039541 0.895519 -1.683020
-1.058555 0.819770 -1.833273
-1.062833 0.738243 -1.984699
-1.050851 0.651967 -2.136460
-1.022038 0.563402 -2.287632
-0.975914 0.473914 -2.437886
-0.911677 0.386542 -2.585407
-0.830349 0.303512 -2.729227
-0.730487 0.226551 -2.868913
-0.613495 0.158161 -3.003845
-0.480372 0.100904 -3.132463
-0.331811 0.056420 -3.254511
-0.169524 0.027184 -3.369039
0.006582 0.016484 -3.474260
0.192797 0.021404 -3.571131
0.387841 0.048257 -3.657003
0.588840 0.096561 -3.732126
0.793775 0.167533 -3.795682
0.999997 0.262143 -3.846844
1.204131 0.380165 -3.885275
1.403145 0.521483 -3.910047
1.598382 0.688782 -3.919918
1.783567 0.878932 -3.914591
1.953487 1.092015 -3.895236
2.109675 1.326251 -3.859373
2.246809 1.579785 -3.807900
2.364338 1.854047 -3.739291
2.459464 2.142574 -3.653994
2.529936 2.443820 -3.552270
2.573082 2.758049 -3.433100
2.588299 3.077526 -3.298349
2.573623 3.404920 -3.145103
2.528187 3.733448 -2.974935
2.453237 4.060410 -2.787956
2.345072 4.383163 -2.584879
2.205391 4.695541 -2.369287
2.037834 4.997281 -2.131946
1.841319 5.282337 -1.882553
1.613380 5.550237 -1.617994
1.363682 5.794668 -1.338348
1.090922 6.013982 -1.046131
0.791497 6.206268 -0.738962
0.479794 6.366921 -0.420307
0.147392 6.495384 -0.090670
-0.192112 6.589042 0.247824
-0.542952 6.646373 0.598126
-0.892556 6.666041 0.959013
-1.244482 6.648585 1.323591
-1.591912 6.592706 1.696373
-1.932404 6.497386 2.076480
-2.260030 6.364678 2.460776
-2.568950 6.196726 2.846561
-2.860006 5.992142 3.235219
-3.125041 5.753231 3.627061
-3.360545 5.485188 4.016043
-3.564268 5.191494 4.401432
-3.731397 4.871943 4.785082
-3.861094 4.534078 5.161985
-3.951785 4.177647 5.533346
-3.997173 3.808561 5.899700
-3.997574 3.432603 6.257049
-3.952748 3.053303 6.603904
-3.862417 2.673940 6.939326
-3.727451 2.304467 7.259983
-3.545165 1.944691 7.567976
-3.318185 1.602289 7.860178
-3.050568 1.284163 8.133822
-2.742810 0.991934 8.390324
-2.393662 0.728940 8.628379
-2.010696 0.501816 8.845591
-1.596866 0.314317 9.040793
-1.152210 0.169378 9.214181
-0.687956 0.070678 9.363158
0.000012 -0.000001 9.489701
0.286978 0.021087 9.587085
0.786864 0.073266 9.660805
1.292331 0.179191 9.706990
1.795989 0.339367 9.725475
2.285376 0.552319 9.717409
2.763579 0.818463 9.679024
3.223166 1.137768 9.610346
3.655639 1.506413 9.512243
4.050476 1.918748 9.387335
4.412564 2.376698 9.230616
4.730195 2.871513 9.046175
5.004498 3.404231 8.829801
5.225391 3.969670 8.585222
5.395247 4.556475 8.311122
5.508817 5.166177 8.006144
5.562335 5.788147 7.674826
5.557601 6.420984 7.310920
5.490272 7.052592 6.922027
5.360680 7.679375 6.507219
5.171902 8.293331 6.066064
4.923604 8.889752 5.597432
4.611293 9.462086 5.109039
4.247783 10.005526 4.588190
3.830307 10.508968 4.053854
3.363548 10.970376 3.495233
2.852948 11.383970 2.915836
2.298348 11.745090 2.318085
1.714216 12.047210 1.709249
1.101419 12.288298 1.080746
0.463250 12.465607 0.444581
-0.189993 12.575868 -0.204591
-0.846611 12.618537 -0.863724
-1.503279 12.590746 -1.538491
-2.158687 12.493569 -2.213300
-2.801441 12.327816 -2.886010
-3.415994 12.094360 -3.568485
-4.004228 11.795291 -4.249128
-4.555597 11.433840 -4.929762
-5.069164 11.011547 -5.604867
-5.535625 10.533205 -6.276311
-5.943053 10.009535 -6.934784
-6.289718 9.441896 -7.585286
-6.576646 8.832888 -8.225189
-6.788498 8.195431 -8.853551
-6.931622 7.531745 -9.464805
-7.003435 6.855123 -10.053400
-6.995173 6.170494 -10.624357
-6.905075 5.481944 -11.177962
-6.745833 4.803303 -11.701247
-6.504743 4.141388 -12.202302
-6.185911 3.498122 -12.677782
-5.799164 2.894265 -13.120047
-5.338696 2.326582 -13.533803
-4.815572 1.810356 -13.913469
-4.231525 1.345116 -14.259169
-3.597719 0.943956 -14.567911
-2.911024 0.606765 -14.841243
-2.180868 0.341285 -15.076566
-1.419055 0.152344 -15.271906
-0.636772 0.043000 -15.426409
0.174966 0.016054 -15.540064
0.992608 0.074075 -15.610859
1.797970 0.216667 -15.639729
2.605782 0.445499 -15.623764
3.395937 0.759873 -15.563318
4.152721 1.156091 -15.459749
4.880009 1.632746 -15.309966
5.561477 2.186127 -15.114899
6.184907 2.809934 -14.877783
6.757580 3.499451 -14.591816
7.262515 4.250735 -14.261513
7.683910 5.051666 -13.892658
8.032046 5.900588 -13.476656
8.299351 6.788354 -13.015133
8.474501 7.700208 -12.516812
8.558458 8.632070 -11.977484
8.552888 9.570698 -11.398369
8.454176 10.514532 -10.776243
8.263038 11.447208 -10.115547
7.982768 12.354357 -9.423108
7.605518 13.236066 -8.695871
7.139039 14.078139 -7.938894
6.591522 14.872880 -7.146766
5.967374 15.608290 -6.328909
5.271046 16.278060 -5.485077
4.511375 16.876517 -4.611993
3.690060 17.395742 -3.713575
2.823180 17.828926 -2.794585
1.914125 18.169322 -1.867902
0.976787 18.415133 -0.918255
0.030548 18.562867 0.043966
-0.948010 18.609390 1.016030
-1.919077 18.555180 1.994097
-2.870198 18.400450 2.973705
-3.813937 18.141971 3.962481
-4.708035 17.792533 4.940188
-5.566829 17.344195 5.924293
-6.374460 16.806530 6.899861
-7.122536 16.182588 7.868262
-7.805319 15.479757 8.819883
-8.400218 14.708230 9.761765
-8.911345 13.875933 10.682305
-9.332763 12.982783 11.589645
-9.650579 12.057274 12.464786
-9.867833 11.094077 13.318814
-9.977578 10.104478 14.148157
-9.984437 9.106017 14.940160
-9.876618 8.112196 15.699842
-9.659396 7.127087 16.425688
-9.335115 6.163784 17.112798
