-0.027869 0.190391
-0.110170 0.434677
-0.150505 0.790329
-0.025193 1.230738
0.320904 1.661534
0.834257 2.067124
1.341049 2.623114
1.433098 3.466295
0.663902 4.043680
-0.229973 3.513195
-0.145693 2.367970
0.946972 1.767524
1.707208 2.872675
0.243797 3.125252
0.763662 1.673685
1.345821 3.202475
0.193368 1.908026
1.769540 2.845711
0.349251 1.525646
1.217743 3.359778
1.737527 1.291942
-0.429974 0.788674
0.212090 2.971841
1.964544 1.293238
1.075580 -1.068632
2.881533 -2.965895
0.520671 -1.612291
-1.788478 0.013668
0.140135 2.082294
0.113652 -2.131466
3.979059 -2.693740
-1.488876 5.183793
5.119716 -3.019941
2.768789 -5.303816
5.430511 -6.894547
2.579252 -9.153568
0.121167 7.407760
0.180976 3.606152
0.344454 7.500509
0.147333 3.506068
0.336194 7.597354
0.157179 3.404399
0.308988 7.697412
0.123801 3.307852
0.267942 7.794981
0.102560 3.207474
0.254537 7.891239
0.099968 3.105724
0.252120 7.986901
0.105395 3.004352
0.289410 8.081457
0.107929 2.902969
0.347718 8.175513
0.136599 2.800602
0.412242 8.269080
0.146872 2.699671
0.478912 8.361958
0.160262 2.595540
0.514047 8.457073
0.148956 2.493481
0.567259 8.548873
0.138207 2.394421
0.681684 8.635703
0.179464 2.289714
0.729587 8.728406
0.195116 2.186716
0.829496 8.814254
0.179499 2.086601
0.966880 8.895746
0.226346 1.979344
1.118883 8.974131
0.242450 1.874994
1.174000 9.063064
0.243996 1.771081
1.333207 9.136070
0.266026 1.664809
1.461954 9.214138
0.261408 1.563026
1.592744 9.290744
0.260479 1.464091
1.703373 9.368759
0.253973 1.358905
1.818854 9.445068
0.103864 1.286753
2.980672 9.213150
-0.459994 1.429005
6.814696 5.975772
0.187869 0.853759
8.016985 4.891614
2.183036 -1.890701
-6.778147 -3.101333
0.339040 1.396647
-0.256472 -8.288419
5.731907 -15.306433
-9.676774 9.759499
0.677050 2.301729
2.864653 11.666141
8.047757 19.887372
15.503263 26.286536
23.170405 32.583363
28.369120 41.128624
22.941121 53.513789
14.563256 59.090423
5.245476 55.007588
0.422502 45.837170
4.223105 34.982659
7.367429 24.815292
7.103845 14.106308
11.845563 4.569243
19.837341 12.127602
12.750146 12.516613
18.477892 9.168561
7.930384 7.481176
4.456160 13.000340
14.993263 16.919620
19.960520 15.168577
-29.017025 -6.547220
-39.513466 -10.868497
26.457799 25.515218
20.535406 32.905713
-39.603185 -9.055194
11.449498 24.293179
14.448357 36.088439
18.975622 47.504441
24.269914 58.686103
28.586219 70.389240
33.770839 81.851266
39.748511 93.032962
44.581106 104.830289
50.951524 116.036161
55.900822 128.019110
62.879741 139.090199
67.100846 151.135033
73.360276 162.841512
81.715380 173.094365
88.486066 184.739183
92.999713 197.283696
99.409477 209.354814
107.682526 220.377676
115.397852 231.797832
123.245390 243.408499
130.945797 255.204661
138.379883 267.195435
145.863613 279.414728
155.080109 290.445482
163.065771 302.389736
171.657758 314.137348
180.536521 325.798524
189.709500 337.534378
198.329138 349.604351
207.725548 361.330933
216.952577 373.243538
226.037554 385.313839
235.795914 397.193345
245.066522 409.454717
255.334695 421.136742
265.366221 433.097393
275.421942 445.070562
286.383646 456.496703
296.493381 468.964788
307.129211 480.634383
320.250807 490.020960
332.140863 501.052851
343.706034 512.594567
355.358643 524.176978
367.765225 535.179040
380.861090 545.643258
394.492438 555.813813
407.101002 566.989230
420.576310 577.617012
433.468451 588.744256
446.930229 599.576728
460.623004 610.201213
474.965722 620.250150
490.014556 629.642910
505.436666 638.706127
521.081228 647.507577
536.740227 656.489155
552.515897 665.401114
568.378618 674.258488
584.402201 683.023674
600.792964 691.399352
617.513319 699.467507
633.737870 708.508246
649.090549 718.920291
665.687715 727.869724
683.845750 734.374573
702.347258 740.133850
720.791422 745.965889
740.170933 751.107659
757.668255 758.387107
775.127432 768.361355
794.298975 773.188454
813.489006 778.119125
832.513894 783.767610
851.317211 790.597218
870.143347 797.552924
889.149104 804.261376
908.437688 810.653108
927.593486 817.819877
948.259476 822.872307
968.341707 828.424314
987.875203 835.138470
1007.631134 841.641699
1027.528080 848.021347
1047.486591 854.169992
1067.548019 859.652944
1088.237134 864.760268
1109.172885 869.527598
1130.376610 873.841486
1151.929129 877.444003
1173.792429 880.221995
1195.574390 883.170502
1217.594212 885.871009
1239.616053 888.635114
1261.306815 891.203807
1283.148321 894.718002
1305.235319 897.792345
1327.563461 900.616609
1350.064827 903.248036
1372.664338 905.964574
1395.332047 908.664158
1418.257111 911.093344
1441.265556 913.561440
1464.489823 915.286906
1487.911843 916.334732
1511.547924 916.886588
1535.313826 916.987671
1559.217062 916.743167
1583.180955 916.509405
1607.238232 915.568378
1631.307821 914.646541
1655.294066 913.613362
1679.484448 912.272803
1703.967333 910.614867
1728.580966 908.417722
1753.148645 906.133350
1777.950816 903.462104
1802.757109 900.740052
1827.623334 897.915929
1852.659518 895.188912
1877.774686 891.706772
1902.986269 888.477931
1928.368875 884.772753
1953.753706 880.903930
1979.187816 877.170642
2004.779393 872.745036
2030.390646 867.716038
2056.920908 863.301411
2082.826593 853.928292
2108.512243 847.161873
2134.338315 840.786753
2160.213175 834.172173
2186.181050 827.395100
2212.199482 820.283205
2238.223480 812.897886
2263.713173 804.559596
2288.514522 795.985049
2314.210012 786.731269
2340.213897 777.936420
2366.434360 768.495495
2392.677601 758.684783
2418.872641 748.636063
2445.097142 737.847438
2470.801140 726.143273
2497.543971 713.779049
2524.520398 701.087055
2550.785098 689.189423
2576.930897 676.828573
2603.001753 664.031423
2629.066333 650.180782
2653.858395 635.156085
2678.846350 617.625208
2703.898244 601.733900
2728.780107 585.282532
2753.532972 568.587399
2778.189047 551.509725
2801.914981 537.398202
2825.979733 520.425723
2850.147462 501.697491
2874.780023 483.578068
2900.487166 466.727977
2927.920134 452.216235
2956.279433 438.979184
2984.571656 426.189617
3013.329958 414.326713
3041.146424 400.331257
3068.467979 385.702217
3095.792575 371.380893
3123.081605 356.633579
3150.275316 341.822650
3177.198796 326.048599
3202.329212 308.342273
3223.237867 284.255962
3240.312754 256.352058
3266.007665 238.046441
3291.881547 217.647327
3318.746575 200.310018
3345.662278 182.452107
3372.660617 164.241123
3398.335945 145.164447
3422.974604 124.326354
3448.436323 100.815582
3474.525497 80.607346
3500.466449 60.191772
3526.640059 38.856459
3553.854863 17.249665
1689.021398 3158.410726
3608.580725 -23.392008
3635.166393 -43.706821
3661.715340 -64.658699
3688.264529 -85.553390
3714.635225 -106.947617
3740.980797 -128.574090
3767.280588 -150.447474
3793.393745 -172.656062
3819.571347 -194.955913
3845.742983 -217.306817
3871.514256 -240.229030
3897.405183 -263.254453
3920.778465 -283.474867
3947.386630 -305.304762
3973.424623 -328.337148
3999.258864 -351.675037
4024.980066 -375.457789
4051.047733 -398.070208
4077.423403 -420.811970
4104.394276 -442.819107
4131.229735 -465.786843
4157.840436 -489.932946
4184.175416 -514.943861
4210.099716 -541.566262
4234.637710 -569.530415
4257.243336 -600.647690
4276.043452 -636.227508
4294.606022 -667.215056
4315.296364 -698.149592
4336.712970 -728.541860
4372.451108 -751.520400
4395.586569 -780.142468
4417.157801 -810.130917
4435.164967 -842.712726
4449.153062 -877.897128
4461.733977 -914.510436
4476.052548 -950.395458
4492.488247 -984.928876
4507.764848 -1023.170990
4524.636918 -1058.540035
4541.374247 -1093.933758
4558.079773 -1129.525239
4574.417227 -1165.673769
4590.619801 -1201.803967
4606.443365 -1238.247547
4621.542168 -1275.153461
4635.384923 -1314.766606
4649.781739 -1353.508637
4664.516063 -1391.313130
4679.216159 -1429.238575
4693.541006 -1467.698970
4707.727548 -1506.460348
4721.309450 -1545.389288
4735.352831 -1584.621139
4749.004573 -1623.829091
4762.317074 -1662.850948
4774.749982 -1702.703464
4787.874316 -1741.486835
4800.219474 -1781.022357
4813.319382 -1820.299080
4827.020984 -1855.370202
4837.915338 -1887.188078
4845.430501 -1924.871184
4856.941746 -1965.470551
4869.401036 -2004.630528
4884.141285 -2041.187947
4897.441851 -2080.646336
4911.007361 -2120.070658
4924.944895 -2159.285877
4943.184809 -2197.017484
4962.732812 -2233.536414
4981.027737 -2271.365615
4997.219390 -2310.383045
5012.908202 -2349.893926
5027.611240 -2390.290888
5041.950990 -2431.157337
5056.349375 -2472.225399
5070.713451 -2512.886110
5083.770942 -2554.234650
5095.454700 -2596.185209
5106.316205 -2639.206842
5118.266539 -2681.880953
5130.465005 -2724.465619
5139.503122 -2771.029504
5142.417865 -2823.619055
5150.748980 -2867.754467
5158.708774 -2910.848805
5170.639630 -2948.461994
5178.419495 -2990.323993
5181.851628 -3035.559054
5187.887495 -3080.533633
5193.620474 -3125.829147
5199.938061 -3170.590264
5206.681434 -3215.168921
5213.267730 -3260.507794
5220.411095 -3305.600591
5225.353028 -3352.417112
5231.140109 -3398.801209
5233.438593 -3445.196555
5227.984585 -3488.327758
5223.141677 -3538.224682
5223.213069 -3586.182079
5223.434016 -3634.097471
5223.152965 -3682.254417
5222.634229 -3730.751749
5195.315859 -3770.134036
5181.570446 -3814.037465
5169.079307 -3859.413416
5161.063824 -3907.709560
5153.641583 -3955.500884
5146.276981 -4003.553686
5139.209416 -4051.259710
5132.303886 -4099.161324
5125.539964 -4147.081637
5118.985294 -4195.451436
5112.271773 -4244.080276
5105.744120 -4292.995405
5099.591697 -4342.140534
5087.587940 -4394.378531
5075.514222 -4444.641765
5065.440245 -4494.180478
5054.846317 -4543.902440
5044.039060 -4594.050921
5030.110722 -4645.007396
5015.308138 -4695.741890
5003.067706 -4746.514376
4989.966174 -4797.370697
4975.484907 -4848.419677
4957.318931 -4898.902095
4925.199402 -4943.342472
4904.064510 -4991.262097
4885.857148 -5040.930581
4867.315403 -5090.116106
4847.639916 -5139.310363
4826.735373 -5188.611466
4804.577112 -5237.757298
4781.274274 -5286.339470
4756.485756 -5334.610350
4730.931601 -5382.226969
4704.565983 -5429.304146
4677.725595 -5475.313372
4650.366846 -5521.815053
4625.372619 -5569.668760
4596.443245 -5615.399156
4567.099074 -5660.376298
4538.506266 -5704.984794
4507.745162 -5748.754863
4476.950263 -5792.080336
4449.964405 -5836.507231
4433.695246 -5884.055223
4409.561010 -5931.444395
4382.466767 -5977.576677
4354.069402 -6023.551827
4325.135469 -6069.074933
4295.845609 -6114.183534
4268.818000 -6158.872813
4256.913356 -6203.734515
4232.515365 -6239.015058
4184.548405 -6239.480532
4131.383354 -6253.850140
4081.517060 -6265.415141
4033.760991 -6275.741302
3982.569906 -6291.905598
3922.263121 -6272.344822
3864.900926 -6220.008066
3811.820426 -6207.601509
3757.606444 -6196.982421
3703.940450 -6187.118435
3649.220871 -6179.010168
3593.933825 -6172.548595
3538.244339 -6167.635811
3481.658507 -6164.560379
3426.190049 -6161.587305
3371.310055 -6156.276040
3316.634445 -6152.602857
3261.620771 -6149.401912
3207.332198 -6143.826902
3152.601790 -6138.552631
3097.793975 -6133.818862
3043.178954 -6119.753557
2991.182964 -6105.309878
2935.842939 -6102.519761
2886.446108 -6089.286932
2832.025509 -6096.726233
2776.388192 -6099.291507
2725.004596 -6091.363751
2670.071517 -6058.396451
2615.024023 -6057.187520
2562.294765 -6026.216288
2515.796412 -6004.732876
2474.171241 -5960.540714
2432.269070 -5926.860387
2387.109578 -5897.158632
2338.186540 -5872.033214
2285.285230 -5852.365954
2230.707450 -5837.621297
2175.249742 -5824.472140
2120.739221 -5813.288095
2070.254777 -5788.206410
2013.319939 -5784.868298
1961.252184 -5782.723089
1917.263346 -5761.041511
1885.793580 -5629.515802
1829.686355 -5616.084786
1774.104686 -5600.234678
1719.442968 -5592.121401
1672.617619 -5570.046514
1616.268307 -5564.182345
1620.473028 -5439.907839
1575.902422 -5406.291668
1524.199453 -5380.205447
1468.083381 -5362.297325
1410.022085 -5351.921382
1358.951583 -5333.834610
1302.666147 -5331.066615
1259.108396 -5315.227315
1263.130351 -5227.614996
1244.845242 -5149.465063
1204.519549 -5109.025312
1155.522370 -5075.789846
1099.760552 -5052.374666
1040.956966 -5037.526015
983.429338 -5026.908222
943.275139 -4968.895826
892.333732 -4947.044765
895.108770 -4874.447084
874.691081 -4824.691657
841.480486 -4779.085029
793.439442 -4742.780508
737.458796 -4716.836378
696.796168 -4674.497312
655.603371 -4631.300405
620.075903 -4591.940818
580.886121 -4551.682175
537.256956 -4514.166285
533.986876 -4438.879890
514.345240 -4387.648831
482.452789 -4340.438269
440.926727 -4299.194658
409.155484 -4255.356234
365.342291 -4218.600359
350.440725 -4155.112340
320.094715 -4107.647277
290.114900 -4057.589438
265.124140 -4007.321858
239.221898 -3957.959039
211.125829 -3909.800983
210.413827 -3849.976662
184.080597 -3799.538409
150.532426 -3753.099697
122.265316 -3700.832214
107.865660 -3648.571315
85.345023 -3596.510741
66.329532 -3543.091674
36.960392 -3494.054750
31.688134 -3434.871812
6.837163 -3383.120421
-10.258204 -3326.913852
-30.913911 -3273.453232
-40.357328 -3216.955250
-62.476481 -3163.720181
-83.652612 -3112.452989
-102.193601 -3056.199913
-112.728658 -3003.084609
-120.179785 -2946.863622
-134.487684 -2890.888037
-153.601783 -2836.414517
-159.598991 -2779.463011
-168.266490 -2722.716483
-181.903940 -2666.626711
-196.720488 -2610.234879
-202.827314 -2554.711128
-205.325390 -2497.376965
-216.363007 -2440.384472
-212.669472 -2381.765887
-224.029830 -2324.832599
-230.322577 -2267.444242
-235.899771 -2209.227555
-239.631846 -2151.205048
-235.194916 -2093.040597
-253.547529 -2037.150032
-230.755378 -1980.245724
-238.571184 -1922.159045
-245.035564 -1863.132616
-249.443166 -1807.281974
-237.370112 -1749.229352
-244.007694 -1690.480891
-243.406145 -1631.314159
-248.385892 -1571.972042
-247.736252 -1512.579548
-231.025055 -1459.745910
-229.945433 -1400.529096
