0.304287
1.033967
0.033976
0.162351
0.508490
0.306941
0.079432
0.733582
0.174901
0.021321
1.117550
0.788188
0.970375
0.444318
0.346033
0.897724
0.483313
0.613704
1.127323
1.124537
0.899268
0.124672
0.054044
0.025815
0.022468
0.344380
1.001621
0.453974
1.026510
0.981234
0.022168
0.312293
0.230775
0.155849
0.022486
0.054535
0.631179
1.052191
1.123385
0.107076
0.472681
0.392032
0.104601
0.073999
0.171017
0.329564
0.108996
0.849874
0.832552
1.128317
0.813692
0.053780
0.025357
0.116875
1.101388
0.910490
0.780620
0.931404
0.985175
1.124642
1.127872
0.042934
0.046070
0.036440
0.852405
0.122832
0.632333
0.281703
0.184447
0.525664
0.359113
0.414112
1.074972
0.521443
0.681983
0.027656
0.856910
0.579042
0.021440
0.052554
0.985465
0.420772
0.128037
0.608153
0.229730
0.163985
0.889437
0.479403
1.052080
0.331028
1.026510
0.252482
0.948753
0.800612
0.203802
0.443289
1.073638
0.477099
0.027044
0.842247
