-0.030056 20.598538
-0.058841 21.296581
-0.042799 22.094987
-0.020675 22.993216
-0.000379 23.991205
0.068603 25.087452
0.153856 26.282629
0.222468 27.578574
0.307506 28.973133
0.421705 30.466572
0.539366 32.059434
0.702686 33.748058
0.915897 35.533054
1.147590 37.415915
1.475081 39.385038
1.771025 41.461217
2.088614 43.634433
2.456750 45.901809
2.886647 48.260079
3.218371 50.733838
3.485508 53.314938
3.709613 55.999970
3.820285 58.791250
4.004039 61.678890
4.132769 64.668672
4.364696 67.753097
4.632180 70.935202
4.855975 74.220455
4.968361 77.610717
5.054905 81.100514
5.014867 84.689554
5.046750 88.379965
5.003388 92.169098
5.005965 96.058988
5.042329 100.048784
5.167667 104.136780
5.175162 108.324495
5.376695 112.609273
5.378968 116.998402
5.404996 121.486979
5.505609 126.074354
5.563679 130.761880
5.574336 135.549058
5.378507 140.430617
4.982654 145.396299
4.888532 150.480126
4.892689 155.664172
5.118097 160.946910
5.465066 166.323280
5.966534 171.788828
6.551538 177.347085
7.321167 182.988100
8.292708 188.700963
9.218458 194.519411
10.159974 200.435208
11.316848 206.419154
12.294203 212.531003
13.083457 218.767676
13.783307 225.115635
14.581126 231.554372
15.360247 238.095906
16.411236 244.700388
17.906540 251.325968
19.766561 257.974489
21.832588 264.666817
23.868352 271.465703
25.886105 278.383212
28.304793 285.288888
31.055337 292.163909
34.070285 299.031413
37.129353 305.990812
40.277383 313.026722
43.276142 320.224941
46.117031 327.596210
49.105032 335.012201
52.589802 342.340917
55.659316 349.923606
59.283391 357.391372
62.915189 364.993930
66.275544 372.812423
69.750762 380.665089
73.711213 388.433479
77.353509 396.442037
81.161321 404.487380
85.049277 412.604709
88.874899 420.876672
93.158479 429.058887
97.124265 437.448570
100.943245 446.027829
104.956589 454.634456
108.981792 463.336586
113.167596 472.064581
117.423928 480.876033
121.515527 489.869704
125.532559 499.033864
129.485252 508.320731
133.233704 517.795522
137.196301 527.301086
140.953729 536.977273
145.059783 546.641587
149.341617 556.351816
153.830098 566.044696
159.105034 575.522740
164.780582 584.860500
169.894915 594.578999
175.592985 604.126367
181.899635 613.433454
188.384053 622.760889
195.418975 631.797605
202.668139 640.741709
209.856101 649.947320
216.997996 659.211053
224.318231 668.543801
231.793229 677.802059
239.319461 687.195402
247.265167 696.371835
255.201405 705.703884
263.045866 715.298965
271.186141 724.781763
279.891852 733.855399
288.618950 743.054612
296.990667 752.721441
304.952117 762.785068
312.495844 773.223619
320.596978 783.505198
328.009726 794.281934
336.179414 804.683964
344.788334 814.926210
353.060252 825.560950
361.181889 836.348552
369.833734 846.890568
379.105771 857.097551
388.901945 867.021957
398.977795 876.613358
409.286023 886.141817
419.820986 895.611343
430.522712 905.139393
441.122815 914.707071
452.033141 924.243744
463.296728 933.492150
474.478519 942.955766
485.795485 952.378819
497.406504 961.554915
509.582584 970.371118
521.533946 979.524289
533.796721 988.619316
545.954947 997.979038
557.943684 1007.578276
570.651986 1016.696068
582.927443 1026.276380
595.316840 1035.778940
607.704389 1045.667827
619.641834 1056.094579
632.274611 1065.892476
645.233884 1075.406439
658.346934 1084.991355
671.555481 1094.344620
684.964917 1103.659170
698.587650 1112.819914
712.368192 1121.929922
726.750199 1130.304519
741.374147 1138.574477
756.464704 1146.050278
772.138967 1152.887587
787.643623 1159.848079
803.818913 1166.217508
819.914246 1172.681706
835.880426 1179.428357
852.144684 1185.925521
868.394199 1192.835543
884.788378 1199.742475
901.838406 1205.723901
918.839909 1211.457704
935.866661 1217.371130
953.402819 1222.802055
971.214990 1227.226185
989.588496 1230.652883
1008.225668 1233.434455
1026.532540 1236.818827
1044.936780 1239.710832
1063.403709 1242.939629
1082.250019 1244.874163
1101.098331 1247.407009
1119.982657 1249.837892
1139.292070 1251.312317
1158.363469 1253.621623
1177.834406 1256.299744
1197.117041 1258.498335
1216.700336 1260.341040
1236.515082 1262.243622
1256.190994 1264.252233
1275.735770 1266.462074
1295.573456 1267.795302
1316.029164 1268.521353
1336.446683 1268.407177
1357.057975 1267.546766
1377.878722 1266.358673
1398.316510 1266.125629
1419.343641 1266.121567
1440.257129 1266.812119
1461.088027 1267.334733
1481.994606 1267.819804
1503.085028 1268.967303
1524.048855 1270.954545
1544.916494 1273.279109
1566.352349 1274.553142
1587.840097 1275.792429
1609.692184 1275.647854
1631.231927 1275.761337
1652.751953 1275.073303
1674.873777 1273.563904
1696.817361 1271.472677
1718.786971 1269.327156
1740.705864 1267.360660
1762.826929 1264.929519
1784.989416 1262.786784
1807.696653 1260.969071
1830.051668 1259.454737
1852.503590 1258.763694
1875.365487 1257.259636
1898.436951 1254.731018
1921.567335 1252.764043
1944.754437 1249.925008
1968.068728 1247.102908
1991.448006 1242.734927
2014.550825 1238.263320
2037.774357 1232.771866
2060.771707 1227.611316
2084.073770 1223.265895
2107.569252 1218.797215
2131.228405 1214.409134
2155.126264 1209.143334
2178.427131 1204.353914
2202.101357 1198.251147
2225.737563 1191.668536
2249.311246 1185.419015
2272.903607 1178.120554
2296.444886 1170.052115
2319.735476 1162.078235
2343.740382 1153.552368
2367.465151 1145.831348
2391.175625 1136.907292
2414.650354 1128.678915
2438.161509 1119.211281
2461.418927 1109.700700
2485.084660 1100.748194
2509.001093 1090.805673
2532.887535 1081.825568
2556.515804 1070.822941
2579.674461 1059.587111
2602.701609 1047.640233
2626.113086 1035.925620
2649.993172 1024.430348
2673.745731 1013.024263
2696.923542 999.955048
2720.276248 987.646641
2743.854852 974.311735
2766.838669 959.399197
2789.733268 946.313945
2812.737271 932.907948
2836.036226 917.771553
2859.578235 903.992910
2882.256930 889.317826
2905.259780 873.207064
2928.333033 858.010946
2950.866817 842.640169
2972.770414 826.158046
2994.910090 808.345953
3016.328237 790.338305
3037.100060 771.562810
3058.249129 751.996681
3079.401238 733.202697
3100.802956 713.899658
3121.729492 695.469637
3143.063091 675.767830
3164.383404 655.943071
3186.593143 637.224429
3209.222650 619.070374
3230.884010 599.547514
3252.762181 580.766953
3275.548772 562.612904
3299.101824 545.343140
3322.649135 527.870033
3345.258386 509.502892
3368.235886 491.741643
3390.892220 472.401436
3413.680487 452.659664
3436.129463 432.880984
3459.016494 413.819831
3482.705387 394.564811
3506.196200 374.898249
3529.778250 355.060574
3552.127952 333.611465
3573.381156 312.390136
3594.904194 290.970612
3615.641072 267.330316
3635.803338 242.883543
3656.747892 219.826949
3677.178330 195.640794
3698.255014 172.927614
3719.624735 149.670132
3741.994851 128.188266
3764.631376 106.344307
3787.787750 85.151547
3810.507489 63.549133
3832.839303 40.264401
3855.021692 17.701726
3877.892818 -4.243814
3901.027860 -27.063502
3924.352345 -50.154503
3947.822216 -71.582284
3971.708055 -93.721989
3994.964378 -117.162984
4018.991866 -139.582133
4043.762527 -160.770088
4067.587487 -182.721787
4090.397135 -206.804122
4113.879302 -229.843970
4137.289111 -253.765347
4160.335723 -276.818309
4184.005698 -299.820486
4208.383095 -322.371578
4232.991164 -344.732221
4256.644851 -368.940341
4278.890723 -395.268840
4301.764806 -420.681592
4324.351422 -446.329797
4347.087510 -471.619540
4368.414051 -498.308667
4390.407536 -524.222380
4411.894064 -551.521311
4433.631859 -577.723464
4454.598158 -605.304476
4474.330626 -634.833023
4492.666998 -663.807669
4509.289077 -693.549667
4525.318268 -723.812568
4541.703706 -754.646427
4558.834934 -786.090899
4574.689149 -817.978739
4589.797763 -850.331322
4603.224212 -883.714439
4615.884998 -917.300340
4627.318607 -950.831467
4638.316979 -985.181518
4649.206995 -1018.930493
4658.957782 -1054.380538
4669.257154 -1088.866025
4678.878262 -1123.073591
4688.909132 -1157.473101
4697.012335 -1193.235853
4704.304842 -1229.214673
4710.259943 -1265.850371
4714.843231 -1301.619904
4720.229701 -1338.858903
4726.759680 -1375.982679
4733.250713 -1413.472556
4740.662763 -1451.257583
4749.594814 -1487.034575
4758.384316 -1524.018756
4767.937639 -1560.642022
4778.247167 -1597.455399
4788.240776 -1634.664660
4796.629863 -1670.681615
4805.157744 -1708.326647
4814.613359 -1744.392320
4823.817754 -1781.417004
4833.676582 -1817.775472
4843.381693 -1855.266191
4852.667449 -1892.743687
4862.806759 -1929.834441
4874.075697 -1966.659322
4884.736316 -2003.676218
4896.590052 -2040.711828
4909.036317 -2077.226222
4920.728130 -2115.378376
4932.953894 -2153.062474
4944.117727 -2190.363568
4953.073646 -2228.105528
4962.969452 -2266.121858
4972.656318 -2305.407686
4982.175337 -2343.624966
4992.403574 -2381.959148
5004.137151 -2419.257905
5013.511099 -2457.970798
5022.776668 -2496.533558
5030.878135 -2536.214771
5038.009420 -2576.027015
5044.413959 -2617.505897
5051.812774 -2657.876846
5058.671674 -2697.857085
5065.212629 -2739.413297
5071.844745 -2780.448272
5077.958060 -2820.248294
5084.544797 -2859.771724
5090.035871 -2900.946214
5094.834282 -2942.563088
5100.107219 -2984.764864
5106.470798 -3025.661101
5111.921589 -3067.528038
5116.256134 -3109.504636
5118.521516 -3151.270190
5119.169262 -3193.214082
5118.142033 -3234.916062
5115.000216 -3278.244623
5109.941982 -3320.312401
5104.272992 -3362.695770
5097.437554 -3404.654274
5088.466242 -3447.934737
5079.458134 -3489.651867
5070.765595 -3532.506886
5062.800481 -3574.652085
5054.032029 -3616.895658
5044.759704 -3657.939202
5034.461444 -3700.376511
5024.342622 -3743.780223
5015.451368 -3787.969755
5008.700435 -3830.739302
4999.568314 -3872.568592
4986.937002 -3914.791593
4973.706947 -3955.218317
4956.568555 -3997.441014
4940.631687 -4038.570979
4922.075967 -4079.477528
4904.368193 -4119.205080
4884.540503 -4159.241464
4861.376432 -4199.513826
4836.550039 -4239.232084
4814.226758 -4278.716928
4791.778503 -4319.234812
4768.555109 -4359.701395
4744.845515 -4398.270146
4720.718354 -4435.723472
4695.702415 -4474.499548
4670.060000 -4514.387290
4646.756985 -4553.942014
4624.986834 -4593.737819
4604.222781 -4634.697161
4581.654407 -4674.950754
4557.748527 -4715.475121
4533.960801 -4754.653035
4508.978546 -4794.802367
4486.477897 -4834.128686
4462.342258 -4874.340058
4437.012107 -4914.398865
4411.942840 -4953.866966
4385.385049 -4992.814268
4359.535823 -5032.309874
4334.047490 -5071.131186
4307.676739 -5109.540895
4281.391425 -5149.092819
4254.147223 -5187.352994
4225.908181 -5227.367309
4200.317434 -5267.785640
4175.061581 -5307.233123
4150.234073 -5347.151716
4125.794645 -5388.741299
4104.125943 -5429.788244
4082.286091 -5471.985311
4060.281234 -5513.231277
4036.161308 -5556.652797
4014.259062 -5598.978734
3990.877113 -5643.389515
3969.594151 -5686.438002
3948.162563 -5731.391285
3927.770454 -5776.417611
3908.095264 -5821.135867
3890.455500 -5864.950485
3868.145735 -5909.128660
3844.581849 -5952.883757
3823.326646 -5996.421590
3801.672170 -6040.913703
3778.391003 -6084.527823
3755.344290 -6128.024468
3732.935359 -6171.867203
3711.004992 -6215.061024
3685.121947 -6258.528338
3659.747976 -6302.266685
3631.637727 -6345.931575
3602.486363 -6388.011456
3573.934939 -6429.497695
3547.065871 -6470.988533
3517.070615 -6511.732209
3486.629136 -6553.792706
3457.548506 -6595.495950
3429.203301 -6637.916427
3399.691906 -6677.808867
3368.655683 -6716.996093
3334.126534 -6755.038436
3297.037715 -6793.188347
3261.711676 -6831.086353
3226.029475 -6870.535393
3193.794671 -6909.641081
3161.964115 -6948.769973
3127.993300 -6987.408500
3094.893943 -7025.323348
3059.859586 -7064.574102
3024.000097 -7102.711968
2988.293376 -7139.933336
2950.555518 -7175.451150
2911.724928 -7210.174804
2873.055918 -7245.942575
2831.899359 -7281.752710
2791.811990 -7318.141011
2752.951454 -7354.420967
2714.229689 -7390.235957
2675.270209 -7423.823721
2634.170180 -7456.591036
2591.466353 -7491.733981
2549.018556 -7526.249286
2507.351102 -7559.801408
2465.951136 -7592.293612
2421.837625 -7625.597721
2377.741660 -7657.122847
2334.690122 -7689.178593
2290.598718 -7720.814407
2245.427046 -7749.424640
2200.174660 -7778.006251
2154.056083 -7804.062980
2108.349834 -7831.002705
2062.371560 -7860.175647
2017.684242 -7891.183808
1970.099173 -7920.379392
1922.941035 -7948.128734
1874.174502 -7977.666631
1827.179878 -8005.781677
1781.603524 -8036.060757
1735.840323 -8066.062404
1689.638152 -8097.680091
1644.451652 -8128.869529
1599.623109 -8162.401676
1554.245272 -8195.324138
1508.722641 -8227.612945
1461.702893 -8260.215964
1417.461734 -8293.347129
1372.973385 -8326.569690
1327.812534 -8358.640815
1281.737722 -8390.332571
1236.569182 -8422.737984
1190.733863 -8456.251647
1146.291925 -8489.984266
1100.104962 -8524.385928
1052.423229 -8558.074234
1005.248564 -8591.975064
957.676436 -8625.210552
911.926971 -8659.532650
866.899968 -8694.015739
819.365014 -8726.368293
774.142659 -8759.003436
729.870402 -8793.273849
683.888494 -8827.584006
639.240019 -8862.506924
593.459791 -8895.957455
546.081061 -8930.243656
499.025289 -8964.971855
453.987966 -8999.662541
406.715533 -9034.240479
357.932102 -9068.136261
308.637195 -9102.776226
260.558757 -9137.474988
213.177264 -9170.386296
164.595979 -9202.017424
111.148238 -9231.340803
60.054670 -9262.765841
11.899607 -9295.960053
-38.715058 -9330.548414
-87.419090 -9363.733725
-134.563011 -9397.267147
-184.961066 -9430.413605
-236.986600 -9463.596670
-290.488632 -9493.662528
-342.142364 -9525.169514
-396.179917 -9555.359471
-447.352642 -9587.327255
-497.581598 -9620.909450
-545.867338 -9653.403638
-596.703344 -9686.792418
-647.463213 -9718.835186
-701.490775 -9749.992885
-751.842318 -9780.739856
-806.074578 -9812.966695
-858.016778 -9847.151841
-909.286740 -9881.999705
-957.109919 -9916.834452
-1008.729599 -9951.071480
-1060.497766 -9986.379238
-1110.087094 -10023.610820
-1159.892556 -10059.977202
-1209.381201 -10097.808117
-1257.102243 -10135.753525
-1303.995393 -10175.135198
-1351.923249 -10213.980415
-1400.740669 -10252.898275
-1448.472587 -10291.472530
-1495.412934 -10330.150184
-1543.833247 -10369.491888
-1590.668822 -10408.568101
-1643.180054 -10444.480513
-1690.889421 -10482.695883
-1741.277328 -10519.519398
