0.077142
0.128820
-0.530255
0.337490
-0.069943
-0.465998
0.087799
-0.272651
-0.284487
0.086207
-0.431538
-0.129689
0.060572
0.306015
-0.104020
-0.994207
0.173840
0.621272
0.294744
-0.129498
-0.234660
-0.287586
-0.588086
0.626241
1.086615
-0.320550
-0.034549
-0.510929
-0.451573
0.490838
0.323952
-0.535365
-0.359377
-0.357720
-0.314514
0.717180
-0.330614
-0.165340
-0.536892
0.245664
0.253484
0.272697
0.963942
0.556624
-0.082278
0.175595
-0.129452
0.415253
-0.276924
-0.229056
-0.389543
-0.104281
-0.364410
-0.237335
-0.188114
0.108589
0.125175
0.315177
-0.011819
-0.460793
-0.120576
-0.237502
0.222307
0.237227
-0.392210
-0.020481
-0.313261
-0.210737
-0.066153
-0.003431
-0.385782
0.334336
-0.152149
-0.157475
-0.312365
-0.236379
-0.510214
0.309356
0.198229
0.087561
0.117222
-0.252138
-0.111056
-0.294064
-0.572640
-0.384295
-0.086830
-0.030568
0.092938
0.056336
0.134161
0.011807
-0.126845
-0.459385
-0.107242
0.014131
-0.079816
-0.347353
-0.534332
-0.450215
-0.009840
-0.023314
-0.113688
0.310221
0.162289
-0.957697
-0.076734
-0.086324
0.224851
-0.135048
0.135603
0.747206
-0.215011
-0.007363
-0.281621
-0.471537
-0.172730
-0.152985
0.264326
0.149507
-0.512604
-0.443898
0.328050
-0.284932
-0.405916
0.718969
0.224988
0.102218
-0.046767
-0.234557
-0.489111
-0.056245
-0.290542
0.163197
0.143048
-0.273776
-0.485214
-0.359038
0.283894
0.211890
-0.149390
0.415866
0.211095
-0.082801
-0.432511
-0.033331
0.044038
0.671248
0.251222
0.228747
0.207116
-0.175237
-0.324355
-0.288616
0.532036
-0.039808
-0.158273
-0.060322
0.278182
0.305328
-0.153809
-0.248863
0.214354
-0.293754
0.061322
-0.084345
-0.261916
-0.156219
-0.379706
-0.249548
0.251477
-0.542055
-0.477009
0.037801
-0.319197
-0.042812
-0.329751
0.018767
-0.039891
-0.122289
0.618544
-0.456480
0.276731
-0.000809
-0.233850
-0.121856
0.377210
0.458274
-0.214136
0.047173
-0.002044
-0.439459
-0.073050
0.076210
0.164615
-0.150902
-0.312708
0.220220
-0.043360
-0.409396
0.009329
-0.003128
-0.583226
-0.343488
0.103718
0.225104
-0.462720
-0.025574
-0.161951
-0.064673
-0.524583
0.107347
-0.699067
-0.602934
-0.190001
0.118516
0.460604
0.148437
-0.135549
-0.294513
-0.070356
-0.601266
-0.241285
-0.420052
0.289497
0.358512
0.150317
-0.464139
-0.387472
0.249780
-0.239236
-0.170507
0.663072
0.210885
-0.203535
-0.153946
-0.051371
-0.192196
-0.183925
0.105082
-0.009948
-0.158282
0.119571
-0.497720
0.008266
0.207662
0.533330
-0.136078
-0.479234
0.188502
0.193186
-0.338697
0.166297
-0.133640
0.020306
0.075369
-0.598460
0.241577
0.174516
0.180169
0.343004
-0.017785
-0.229709
-0.540321
-0.073995
-0.266122
0.193890
0.106914
-0.101718
0.179707
1.181329
-0.292835
-0.313296
0.316112
0.178003
0.072571
0.029261
-0.120021
0.235438
0.289741
0.063721
-0.143125
0.009472
0.585593
-0.145070
0.539999
-0.400228
-0.316717
-0.267606
0.738326
-0.038093
-0.085262
-0.272639
-0.146801
0.037478
0.602734
-0.509633
0.056664
0.006252
-0.228944
-1.130204
-0.018407
-0.576354
-0.143772
-0.189341
0.424802
-0.082140
0.003151
-0.250429
-0.113775
0.060791
0.802374
0.120677
0.541722
0.493016
-0.272672
-0.025213
-0.403860
-0.561535
0.244530
0.248996
0.486682
-0.013715
-0.133089
-0.208024
-0.057807
0.554891
-0.081383
0.039123
-0.034097
0.652753
-0.134712
-0.005026
-0.062209
-0.501041
0.509025
0.207029
-0.495845
-0.299328
0.124750
0.145041
0.065342
0.128720
0.226708
0.138148
1.104860
-0.231347
0.777069
0.727863
0.159078
-0.414591
-0.252912
-0.027678
0.088591
0.178237
-0.275385
0.260591
-0.244884
0.325600
0.098178
0.720713
0.603420
-0.179548
-0.498843
-0.118120
0.062033
-0.397622
-0.727084
-0.378600
-0.305767
0.269420
0.119353
0.083499
0.440260
-0.420516
0.055127
-0.236509
-0.111501
0.547186
0.086628
-0.289745
0.583268
0.565068
-0.218896
0.789920
-0.771001
0.478766
-0.321694
0.182851
0.191992
-0.073130
-0.151919
-0.175529
0.215901
-0.066085
0.284723
-0.052754
0.145486
-0.255308
-0.101074
-0.164574
-0.039403
0.051621
0.053016
-0.327357
-0.699569
0.061238
-0.135715
0.792201
-0.046060
-0.360607
-0.128349
0.119543
0.528642
-0.054652
-0.198903
-0.122734
-0.075208
0.299285
-0.138607
-0.185838
0.142316
-0.168871
0.121925
-0.396746
-0.133337
0.080931
0.033564
-0.125103
0.448173
-0.024041
-0.206529
0.329040
0.451187
-0.066841
-0.099274
0.180440
0.390046
0.187971
-0.116654
0.274526
0.444671
-0.609118
0.594493
0.050855
-0.375945
0.423919
-0.068717
0.522864
0.063738
0.123708
0.399314
-0.064668
-0.423875
0.021923
0.692802
-0.084284
0.185052
0.734482
0.205170
-0.280018
0.185654
0.179782
-0.238772
0.002830
0.058706
-0.135516
0.310156
0.194495
-0.014449
-0.108395
-0.045341
0.313204
0.027439
0.110748
0.517184
-0.101812
-0.215577
0.355149
0.047726
0.120377
0.024825
-0.329419
-0.187690
0.340123
-0.405122
0.045983
-0.363084
-0.042415
0.035543
-0.608129
0.405970
-0.626867
-0.247191
-0.295833
0.130314
0.212430
-0.212732
-0.080994
-0.072281
-0.528028
-0.306810
0.081598
-0.213237
0.370195
0.162060
0.047429
-0.728149
-0.010045
-0.141208
0.019787
-0.495187
-0.070428
0.173820
-0.248331
-0.152977
0.319826
0.078154
-0.339488
-0.132625
-0.181132
0.035496
-0.343422
0.398026
-0.380624
0.210093
0.016705
0.103144
-0.014773
-0.340409
-0.399419
-0.084595
-0.152994
0.115515
0.139081
0.001363
0.111013
-0.244134
0.051109
-0.381056
-0.141716
0.096533
-0.347767
0.458468
-0.323504
0.215651
0.392227
-0.522507
-0.409207
-0.088138
-0.117010
0.491467
0.064028
-0.594086
0.328069
-0.184721
-0.020963
0.590779
-0.315649
-0.330302
0.333178
-0.160908
0.309727
0.056456
0.012310
-0.513833
-0.581811
-0.304546
-0.059732
0.182028
-0.512535
0.005066
0.074064
0.620188
-0.066265
0.141391
0.698531
0.022424
0.745929
-0.195257
0.060483
0.022524
-0.063245
0.386960
0.296064
0.281309
0.081582
-0.224622
-0.784531
-0.244106
-0.715544
0.359907
-0.179262
0.353115
0.102750
0.127662
-0.016442
0.309220
-0.368856
0.478028
0.125086
0.209011
0.016837
0.317220
-0.008770
-0.071432
-0.063339
-0.067251
-0.503841
-0.094259
0.190234
0.550563
-0.409606
0.175388
-0.000250
0.159173
-0.669686
0.301397
-1.172185
-0.052011
0.640348
-0.450949
0.102518
-0.056236
-0.168564
0.089417
0.324019
-0.384910
-0.080218
0.412972
0.153197
0.154130
0.015841
-0.220061
0.348584
-0.309477
0.348108
0.099465
-0.695278
-0.004185
0.188063
-0.339438
-0.073530
0.446256
-0.181689
-0.907951
-0.431221
0.067962
0.174649
0.029942
-0.117809
0.167549
-0.372959
-0.549304
0.191327
0.299827
-0.006064
0.298354
0.000025
-0.214812
-0.161452
-0.368274
0.094030
0.040124
-0.492292
0.233442
-0.097223
-0.441688
0.382182
-0.277061
0.514870
-0.014044
-0.082752
-0.312137
-0.088980
0.157474
-0.491745
0.205427
-0.469559
-0.217894
0.605281
0.493457
-0.097656
0.275424
0.212608
-0.262767
-0.036958
-0.077963
-0.179170
-0.016350
0.251818
-0.250501
-0.134908
-0.230017
-0.241522
0.176018
0.193845
-0.028859
0.103405
0.355371
0.475634
0.238051
0.461055
-0.410813
-0.381822
-0.455711
-0.211558
-0.053882
-0.021097
0.308709
0.325728
-0.432873
0.487240
0.190791
-0.076139
0.046133
0.336534
-0.209471
-0.378933
-0.129071
0.230430
-0.207286
-0.017753
-0.548154
-0.114213
0.002564
0.092873
-0.315701
0.100804
-1.165924
-0.105089
-0.299481
-0.263431
-0.456786
-0.065691
-0.037590
-0.130539
0.159644
-0.066820
-0.018033
-0.244223
-0.257556
-0.129279
-0.115682
0.003157
0.173253
0.359104
0.356692
-0.478298
-0.540411
-0.121145
-0.643381
-0.068257
-0.231920
0.341348
0.359166
-0.170884
-0.054589
-0.307633
-0.340582
-0.076899
-0.344022
0.186296
0.167557
-0.291760
-0.197286
-0.250546
-0.262108
-0.205676
0.204444
-0.041681
-0.507906
-0.060370
-0.208994
-0.997473
0.076004
0.079898
0.040523
0.360605
-0.368156
-0.203450
0.083761
-0.679253
-0.344369
-0.230716
0.563712
0.097896
0.209881
-0.076130
-0.046468
0.618010
-0.793845
-0.539895
-0.209065
-0.194575
0.308767
0.008390
0.390335
-0.043169
-0.236307
-0.307418
-0.324847
0.403485
-0.234393
-0.444695
0.100040
0.170258
0.386917
-0.102872
0.006328
0.103442
0.148826
0.423622
0.158976
-0.435004
0.040250
-0.178609
0.172787
-0.394357
-0.509678
-0.093024
0.058075
-0.027218
-0.312483
0.101582
0.075296
0.630877
0.516782
0.236501
0.226494
-0.349338
-0.085039
-0.336406
-0.247220
0.667890
-0.462923
0.004280
0.005615
-0.201729
-0.326210
-0.140395
-0.197156
-0.176309
-0.533250
0.043072
0.500767
-0.027369
0.301419
0.099160
-0.617571
0.014150
0.317335
0.067253
0.095083
0.516244
-0.368030
-0.154381
0.333171
0.242888
-0.107681
-0.126851
-0.386324
-0.050416
0.602806
0.151935
0.178802
0.370819
-0.136839
0.216442
0.015075
0.310316
0.085185
0.117701
-0.144747
0.336164
-0.227072
0.132315
0.176832
0.415911
0.353961
-0.066264
-0.184017
0.317319
-0.236114
-0.135050
-0.611287
0.255159
-0.003567
-0.226352
0.334647
-0.402776
-0.287387
-0.022097
0.028809
-0.406644
0.367959
0.384266
0.079718
-0.347920
-0.008542
0.304377
0.474179
0.373696
-0.079131
0.083753
0.175100
-0.281442
0.689247
-0.008010
-0.091080
0.287494
-0.029876
-0.061584
-0.286410
-0.475162
0.747709
-0.131435
-0.172439
0.032989
0.124651
-0.047378
0.355641
-0.557951
0.040148
-0.118527
0.365842
-0.106005
0.501699
-0.230088
-0.526234
-0.224410
-0.230459
-0.293717
0.002955
0.437505
-0.337894
-0.983422
0.305899
-0.479988
-0.168701
0.228388
-0.077939
-0.044247
0.192961
0.296799
-0.092914
-0.000028
0.179861
-0.055729
0.053859
-0.412951
-0.040043
-0.190523
-0.222023
-0.246253
-0.036942
0.190944
0.004994
-0.067412
0.069632
-0.306734
0.169479
0.066437
0.107041
0.005653
-0.839394
0.183184
-0.235747
0.613614
-0.111197
0.032491
0.200346
-0.057763
-0.560712
-0.720067
-0.101433
-0.543005
-0.382555
0.292187
0.006843
0.292939
0.012632
-0.041032
0.046312
-0.569524
-0.052802
0.582083
0.023502
-0.061088
-0.005213
0.219072
0.009604
0.202191
-0.459470
-0.358353
-0.278560
0.422496
0.102953
-0.063426
-0.124048
