-0.008852
-0.515727
-0.040646
0.504671
0.205226
0.001393
-0.211661
0.379536
-0.087760
-0.267034
0.066276
-0.105112
0.235111
-0.399734
-0.336667
0.147228
0.149200
0.103145
-0.528097
0.077981
0.071809
-0.621979
-0.097107
-0.297377
-0.194847
-0.198698
0.396118
-0.437740
0.463013
0.525833
-0.264242
-0.309214
0.226987
-0.216933
0.230449
-0.051061
-0.258173
-0.170530
0.450234
0.041498
-0.391589
0.217265
0.519647
0.194663
0.540178
0.127720
0.049162
-0.003735
0.171123
-0.394064
0.156149
0.344753
0.226967
-0.339823
-0.316792
0.324991
-0.379885
-0.022737
0.263781
-0.261534
-0.139503
0.133014
0.136028
-0.221966
0.102383
-0.017591
-0.302966
-0.079554
0.530586
0.084314
0.421707
0.081266
0.006374
0.689458
-0.511561
-0.386386
0.580173
-0.375542
-0.468353
0.488918
0.456767
0.446953
0.149143
0.153898
0.309293
0.387283
-0.157458
-0.356938
-0.302595
-0.151200
-0.147337
-0.313560
0.191795
0.688367
0.411388
0.134154
0.071040
-0.382214
-0.441458
-0.210199
0.204009
-0.422959
-0.100646
-0.142353
-0.050391
-0.447005
-0.544136
-0.095902
0.151488
-0.019382
0.121434
0.178657
0.777929
0.109180
-0.464588
-0.271717
-0.026608
0.115442
-0.402920
-0.213049
-0.032540
-0.452452
-0.358285
-0.511814
-0.316820
-0.063568
-0.265128
0.205422
-0.198337
0.667696
-0.071046
-0.314642
0.303030
-0.084688
0.162397
0.214476
-0.233612
-0.346704
-0.195361
-0.207551
0.038910
0.040033
-0.191904
-0.118441
-0.238460
-0.218069
0.514688
0.017397
0.024890
0.342485
0.457640
-0.043236
-0.376746
-0.128289
-0.089202
0.244033
0.124393
0.093078
-0.191016
-0.338904
-0.218116
-0.062769
-0.048973
-0.454273
0.456274
0.012220
0.137651
-0.092784
0.606087
-0.295679
0.099788
-0.209238
-0.071088
-0.309202
-0.373810
0.042120
-0.020108
-0.196300
0.038878
0.068836
-0.083086
0.212360
0.003259
-0.715384
-0.521986
0.121142
0.399569
-0.312001
0.098428
0.305845
-0.114236
-0.040542
-0.017570
0.403021
-0.209782
0.093702
-0.002222
0.231008
-0.361939
-0.169434
-0.033768
0.686657
0.372423
-0.292576
-0.176597
0.387221
0.535354
0.252628
0.026888
-0.049235
-0.179069
0.096343
-0.342043
-0.032672
0.164123
-0.185271
0.172582
-0.061024
0.087371
0.205695
-0.313311
-0.019839
-0.277176
0.846866
-0.326950
0.722974
-0.192722
-0.100973
0.126944
-0.186487
0.052254
0.278770
0.168542
-0.204406
0.614950
0.019762
0.113658
0.162184
-0.515833
0.083788
-0.216304
0.156506
-0.480019
-0.471748
0.112450
-0.274321
-0.268529
-0.179798
-0.528844
0.584948
0.284961
0.318738
0.100100
0.093432
0.422652
-0.498015
0.000962
0.249838
-0.044359
-0.022318
0.518872
0.022468
-0.156881
0.205144
-0.130689
-0.450539
-0.193176
-0.100448
-0.249598
-0.022662
0.360403
0.728038
-0.159254
-0.309234
0.427185
0.222795
-0.141358
-0.378196
0.223992
-0.697211
0.185372
0.105715
-0.163027
-0.086140
0.581894
-0.555476
-0.117828
0.164055
-0.032106
-0.492951
-0.153864
0.296190
-0.112225
0.182830
0.179358
0.052060
-0.153635
0.128320
0.237138
-0.091228
-0.012496
-0.060018
-0.085274
0.173046
0.659350
0.432133
0.050889
-0.432493
0.730790
-0.028351
-0.002374
-0.152726
0.334762
-0.164069
-0.667871
0.806365
0.141910
-0.047964
-0.350640
-0.006598
-0.013225
0.171318
-0.465965
-0.033191
-0.198770
-0.203320
0.341907
0.208290
-0.254995
0.103051
0.382900
-0.183591
0.692707
0.358913
0.037263
-0.177727
0.101846
-0.340533
0.655018
-0.266908
-0.020575
-0.211453
0.283837
-0.266460
0.116802
-0.196475
-0.446021
-0.283381
0.108822
0.666144
0.247414
0.353235
0.132360
0.152738
0.252679
0.374372
0.262120
0.316037
-0.547394
0.000093
0.034241
0.331288
-0.130913
-0.620636
0.265494
0.014888
-0.381583
-0.163479
-0.248809
0.261257
-0.229291
-0.490037
-0.611386
-0.020846
-0.217343
0.221691
-0.497036
-0.205120
0.021000
0.054925
0.395880
0.316271
-0.007528
-0.067837
0.049213
-0.331783
-0.844815
-0.265390
0.162861
-0.483803
0.553070
-0.031435
0.679334
-0.369049
-0.010669
0.621712
0.223375
-0.473214
0.963457
0.611389
0.185630
0.409307
-0.063799
-0.220127
-0.473082
0.126110
-0.057422
0.738952
0.572601
-0.746258
-0.132126
-0.204891
0.415761
-0.030605
0.121763
0.023813
-0.318751
-0.386014
-0.071772
-0.682337
0.403873
-0.531414
-0.525570
0.015133
0.387619
-0.134449
0.090632
-0.086408
-0.173974
0.050989
0.252246
-0.483323
0.223328
0.289892
0.655349
0.150509
0.268727
0.018179
0.062262
-0.149088
-0.350010
-0.507958
-0.129227
0.465180
-0.153186
0.135055
0.260611
0.395797
-0.243851
-0.355566
-0.606401
-0.062162
-0.144542
-0.020967
0.450263
0.066875
-0.046109
-0.626700
0.358181
-0.177614
-0.040389
0.360118
0.250696
0.139406
-0.018990
0.030549
-0.308988
-0.263053
0.359188
0.401825
0.225681
0.181316
0.007706
-0.602087
0.004904
-0.069986
0.162873
0.081039
0.043002
0.002537
-0.453767
-0.333806
0.216695
0.467716
-0.460614
0.154823
-0.240742
0.091167
-0.445691
-0.195036
-0.050281
0.306078
-0.005765
-0.359564
0.313619
-0.232506
0.750442
0.184611
-0.235403
0.200430
-0.484299
0.333388
-0.449853
-0.467562
0.118629
0.278047
0.059521
0.656250
-0.003535
0.917564
0.534608
0.517580
-0.020527
-0.058003
-0.358143
0.003310
-0.158833
0.091262
-0.004129
-0.344831
-0.463710
-0.152355
0.091817
-0.303080
-0.557212
-0.278741
0.455553
-0.283779
-0.095881
-0.102977
-0.026954
0.066149
-0.101307
-0.719763
-0.210687
0.222735
-0.182590
-0.122601
-0.268183
0.004378
-0.424986
-0.123493
0.639864
-0.413249
-0.251145
-0.010318
0.596123
0.399160
-0.131709
0.317961
-0.097606
-0.038654
-0.296842
-0.101674
-0.135861
0.329941
-0.454208
0.093522
-0.551889
-0.390334
-0.368488
0.061191
-0.159679
0.700468
0.885956
-0.272392
0.453701
0.122236
-0.178467
0.068901
-0.011123
-0.113376
0.344213
-0.133936
-0.299823
-0.144625
0.314714
0.453014
-0.391971
-0.383186
-0.235478
-0.255696
-0.087191
0.347317
0.271897
-0.356546
-0.127109
0.077819
-0.488849
0.124916
0.112497
-0.126236
-0.578730
0.456511
-0.427848
0.092607
0.270373
-0.080365
0.240891
0.206411
-0.220314
-0.102752
0.646747
-0.028497
0.053542
-0.486351
-0.359342
0.388017
0.065445
-0.085415
0.089958
-0.124215
-0.351973
0.402248
0.038047
-0.246489
-0.198745
-0.177798
-0.548474
0.129764
-0.182497
0.662637
-0.259292
-0.432646
-0.137468
-0.090484
0.110038
-0.115284
-0.124279
0.171459
-0.172586
0.167507
0.382109
0.139026
-0.429648
0.501212
0.168602
-0.332667
0.309972
0.389606
-0.045831
0.517593
-0.427843
0.112008
-0.247648
-0.278909
0.155820
-0.386113
-0.481699
-0.386811
0.435213
-0.321446
0.507382
0.057935
0.481401
-0.265045
-0.189587
-0.025302
-0.181673
0.149306
0.126252
0.522757
0.364316
0.364032
0.275057
-0.032814
0.540454
-0.086029
0.464267
0.104895
-0.085531
-0.036445
0.256423
0.101599
-0.695422
0.055188
0.449220
-0.374506
0.543754
0.494230
-0.663757
-0.219356
0.124383
-0.219559
-0.878229
-0.642245
-0.361739
0.443401
-0.205809
-0.295570
0.297905
-0.222542
-0.024910
0.338563
-0.369572
-0.170433
-0.609076
-0.020431
-0.415815
0.497828
-0.494386
-0.162423
-0.360756
-0.054254
-0.225680
-0.181987
-0.275964
-0.017937
0.012313
-0.007672
0.059157
-0.343761
0.250989
-0.448257
0.534645
-0.711131
-0.036332
-0.183250
0.536171
-0.618708
0.264455
-0.079218
0.005357
0.180915
-0.269875
-0.473182
0.424281
0.108800
0.023700
-0.041548
-0.144954
-0.448329
0.123334
-0.134652
-0.076095
0.108564
-0.076879
0.271970
-0.165368
-0.286147
-0.231971
0.170791
0.009230
-0.087504
0.233233
0.256307
-0.265447
0.061061
-0.245942
0.112469
0.302538
-0.291630
0.064263
0.033839
-0.063562
-0.250981
0.434377
-0.188651
-0.053820
-0.260026
0.457449
-0.300892
-0.737643
0.023645
-0.148716
-0.234415
0.245536
0.052048
-0.355468
-0.242552
0.122422
0.103050
0.484556
0.168942
0.056500
-0.083523
0.489278
-0.131701
0.060811
-0.094187
0.271403
-0.245083
0.170183
0.226720
0.253236
-0.412731
-0.344757
0.463369
-0.149401
0.028219
0.014539
0.054929
-0.318644
0.413993
0.473156
-0.553855
-0.183817
-0.587559
-0.095414
-0.018776
0.445037
-0.604260
-0.291355
0.131882
-0.367865
-0.896711
-0.372018
-0.389835
-0.354647
0.431722
-0.382883
-0.067151
0.007457
-0.121275
0.166719
-0.176464
-0.020145
0.543775
0.434084
0.050553
-0.398441
-0.276155
0.175270
-0.143564
-0.180626
-0.235534
0.314802
-0.193762
0.254176
0.815798
-0.110247
0.457255
-0.002334
-0.222235
0.003365
-0.167996
-0.071962
0.387136
-0.585871
-0.080652
0.134693
-0.266386
-0.165710
0.107601
-0.504117
0.078394
0.103674
-0.731563
-0.099000
0.053642
0.442003
0.258712
0.414834
-0.309165
0.311003
0.005043
-0.103018
0.224501
0.315241
-0.013071
-0.268146
-0.312540
-0.386521
0.439634
0.297101
-0.443854
0.271649
0.387386
-0.066533
-0.333917
-0.373127
-0.330021
0.043645
0.024278
0.164450
-0.097008
-0.236795
0.229267
0.551699
0.114811
-0.267314
-0.603009
-0.370484
-0.013802
-0.295890
0.623350
0.798585
-0.176427
-0.431848
0.331095
-0.168284
0.532532
0.097124
0.070288
-0.576714
-0.176878
0.235350
0.082889
0.248964
-0.669314
-0.670188
-0.195366
0.115194
0.424287
-0.342146
-0.167492
-0.149163
-0.192695
0.794384
0.167010
0.173808
-0.326401
-0.287416
0.314711
0.150012
-0.419973
0.164251
-0.001027
0.209491
-0.209076
0.069730
-0.083690
-0.205540
-0.375474
-0.084674
0.601775
0.043777
0.193820
-0.230736
-0.278270
-0.092881
-0.440600
0.246984
0.039123
-0.151027
0.236565
-0.129695
0.174984
-0.001398
0.602246
0.083459
0.085049
-0.340780
0.348678
-0.178924
0.053988
0.205174
-0.212510
0.454713
-0.167629
-0.374102
-0.255293
0.116188
-0.132526
-0.100805
0.288163
-0.003758
0.544350
-0.223505
-0.354368
0.173549
-0.068295
-0.179437
-0.119656
-0.004203
0.361464
-0.390069
0.303166
-0.147143
0.480001
-0.173475
0.176794
-0.116687
0.020539
-0.396428
-0.515131
0.183052
-0.128945
-0.378026
0.161425
-0.595390
-0.292477
-0.462916
-0.013352
0.283512
0.406492
0.317340
0.353271
0.290859
0.078415
0.657401
-0.380442
0.032800
-0.195370
-0.015835
0.792271
-0.133486
-0.240576
0.306625
-0.317295
