90.083620
90.158323
90.111002
90.051538
90.000924
89.843341
89.664618
89.537842
89.391934
89.207006
89.036168
88.807205
88.523495
88.243241
87.855131
87.554103
87.259579
86.936365
86.576985
86.370245
86.259582
86.210103
86.282136
86.285731
86.343400
86.314082
86.263818
86.256698
86.337145
86.433449
86.611223
86.731814
86.892774
87.016836
87.114826
87.159112
87.264813
87.266423
87.367715
87.452590
87.499526
87.563657
87.645107
87.806656
88.037290
88.139349
88.199744
88.178631
88.118065
88.010833
87.884366
87.708895
87.483700
87.286747
87.098204
86.861941
86.689339
86.577506
86.496305
86.396824
86.308819
86.163128
85.924679
85.618453
85.284318
84.975265
84.687514
84.333988
83.932589
83.500025
83.081491
82.668012
82.303526
81.986917
81.661163
81.266613
80.962187
80.581662
80.219866
79.919749
79.616669
79.255026
78.959220
78.654152
78.352895
78.076260
77.749932
77.482009
77.247884
77.000500
76.764017
76.518962
76.277639
76.068606
75.880155
75.708915
75.570287
75.415824
75.291992
75.138226
74.974306
74.796324
74.546391
74.265184
74.053265
73.793189
73.483499
73.169543
72.812848
72.447727
72.105696
71.779590
71.451734
71.120468
70.799070
70.451268
70.118669
69.809392
69.486051
69.123204
68.772736
68.468010
68.209090
67.994076
67.746472
67.561158
67.325906
67.067206
66.845505
66.642637
66.409312
66.139563
65.841436
65.528050
65.209018
64.885012
64.562270
64.254053
63.937480
63.604583
63.289288
62.974503
62.647763
62.294165
61.967571
61.633556
61.318684
61.024642
60.695352
60.403334
60.111756
59.836404
59.598607
59.324104
59.036647
58.751633
58.464238
58.174998
57.880913
57.586550
57.260271
56.930153
56.572710
56.188071
55.819897
55.423341
55.039580
54.674179
54.300943
53.945081
53.591908
53.204835
52.821218
52.448356
52.056933
51.642258
51.196669
50.736991
50.308080
49.872889
49.451190
48.997456
48.564852
48.136418
47.682844
47.261655
46.846324
46.431894
46.009347
45.589936
45.183260
44.791001
44.379143
43.946948
43.503768
43.046714
42.585005
42.159724
41.734477
41.334014
40.938086
40.546403
40.172466
39.825849
39.494448
39.135527
38.781072
38.396107
38.028422
37.649655
37.249147
36.845254
36.445940
36.057353
35.661618
35.277420
34.897927
34.536036
34.195851
33.838215
33.461858
33.102310
32.729515
32.361149
31.965648
31.577375
31.172265
30.782461
30.411194
30.040596
29.675211
29.294807
28.936229
28.552380
28.164775
27.789874
27.399196
26.999114
26.608718
26.205695
25.826560
25.429203
25.052781
24.656975
24.267657
23.890566
23.497334
23.127893
22.726879
22.330143
21.925791
21.527804
21.135434
20.750616
20.343586
19.954370
19.549377
19.123954
18.737611
18.349273
17.932137
17.543211
17.147567
16.728719
16.330757
15.937058
15.531065
15.104590
14.682574
14.254215
13.814467
13.392711
12.965314
12.559449
12.134044
11.710953
11.308306
10.918447
10.512664
10.123249
9.746106
9.386147
9.027152
8.659940
8.306151
7.931103
7.553451
7.180254
6.822164
6.463630
6.103135
5.744065
5.365411
4.996179
4.627419
4.228595
3.821868
3.440221
3.045497
2.677158
2.304223
1.961996
1.618076
1.287824
0.955453
0.601876
0.263092
359.937373
359.602590
359.267856
358.961296
358.648294
358.320205
358.010955
357.723334
357.427996
357.105753
356.802262
356.490169
356.193368
355.901338
355.619643
355.344216
355.046401
354.722270
354.414719
354.107264
353.808219
353.492425
353.191093
352.874615
352.575989
352.261941
351.924657
351.595227
351.256233
350.912739
350.566036
350.216630
349.862415
349.504145
349.132803
348.760297
348.388437
348.008620
347.638447
347.248130
346.873350
346.502685
346.133636
345.746099
345.356340
344.957634
344.566917
344.164468
343.769537
343.373070
342.979167
342.615431
342.240811
341.875757
341.514347
341.150603
340.796679
340.428786
340.084010
339.731080
339.390559
339.040641
338.692203
338.354116
338.026300
337.697060
337.375560
337.064740
336.737620
336.420478
336.105571
335.779805
335.458344
335.126832
334.807685
334.493480
334.198552
333.882772
333.570740
333.246042
332.918572
332.575633
332.250162
331.928474
331.594266
331.267969
330.952704
330.644753
330.320108
329.991136
329.662374
329.352686
329.033221
328.710109
328.381113
328.045150
327.705179
327.343932
326.985265
326.623170
326.260518
325.878578
325.510511
325.137389
324.775597
324.410831
324.054320
323.683831
323.309227
322.937776
322.590693
322.239399
321.867826
321.507454
321.114111
320.736817
320.347707
319.972987
319.585297
319.177879
318.765528
318.370488
317.969058
317.564624
317.170858
316.782825
316.381882
315.971113
315.578035
315.194282
314.811077
314.422607
314.025626
313.639006
313.240420
312.863971
312.473425
312.077669
311.688511
311.294174
310.902746
310.518954
310.133141
309.743066
309.355236
308.952831
308.567494
308.191269
307.817173
307.438901
307.084013
306.724247
306.370270
305.993427
305.639176
305.267148
304.918224
304.561712
304.214453
303.876014
303.557966
303.209026
302.855860
302.521703
302.183121
301.839659
301.500648
301.166903
300.841434
300.490322
300.143945
299.781624
299.420665
299.068228
298.729368
298.374117
298.013117
297.664882
297.321317
296.980838
296.634386
296.269914
295.889432
295.523635
295.152256
294.807525
294.467467
294.116283
293.775185
293.418812
293.062081
292.710950
292.352594
